   6.37415610E-03   6.90654246E-03   1.18794724E-05   5.08124231E-06   4.54646397E-07   4.54646397E-07   6.90654246E-03   9.10936296E-03   1.68067163E-05   4.21528057E-06   5.94348933E-07   5.94348933E-07   1.18794724E-05   1.68067163E-05   4.29815985E-03   7.16058887E-04   1.17234746E-03   1.17234746E-03   5.08124231E-06   4.21528057E-06   7.16058887E-04   1.81415752E-02   7.33565073E-04   7.33565073E-04   4.54646397E-07   5.94348933E-07   1.17234746E-03   7.33565073E-04   5.38579654E-03   5.38579654E-03   4.54646397E-07   5.94348933E-07   1.17234746E-03   7.33565073E-04   5.38579654E-03   5.38579654E-03
